38
39
40
41
42
43
44
45
46
47
48
50
51
52
53
54
55
56
57
58
59
60
61
63
64
65
66
67
68
69
70
71
72
73
74
76
77
78
85
86
87
108
109
110
111
112
113
114
116
117
118
119
120
121
122
123
124
125
126
127
128
129
130
131
132
133
134
135
136
137
138
139
140
141
142
143
144
145
146
147
149
150
151
160
161
163
164
165
166
168
169
171
172
173
174
176
177
179
180
181
182
183
185
186
187
188
189
190
192
193
195
196
197
198
199
200
202
203
204
205
206
207
208
209
212
213
214
215
216
217
218
219
220
221
222
223
224
225
226
228
229
230
231
232
235
237
239
240
241
242
245
246
247
248
249
250
251
252
253
254
256
260
262
263
264
266
267
268
270
271
272
273
274
275
276
278
287
288
289
290
291
292
293
296
297
298
299
300
301
302
303
305
306
329
330
331
332
333
335
336
337
338
339
342
344
439
440
441
442
443
461
466
489
491
492
501
512
513
516
519
521
522
523
524
525
526
528
529
530
533
535
536
537
538
544